2 0.86953125 0.94140625 0.2171875 0.1171875
2 0.62890625 0.69921875 0.21796875 0.18125
2 0.6 0.85703125 0.20546875 0.15234375
2 0.19375 0.66328125 0.17109375 0.1578125
2 0.28671875 0.3375 0.14765625 0.1375
2 0.5171875 0.3453125 0.16796875 0.128125
2 0.07578125 0.40390625 0.14921875 0.1546875
2 0.090625 0.25703125 0.1671875 0.15625
2 0.18359375 0.38359375 0.13359375 0.13984375
2 0.803125 0.48359375 0.196875 0.17890625
2 0.81171875 0.840625 0.21640625 0.14453125
2 0.3359375 0.7515625 0.2140625 0.1859375
2 0.86015625 0.7734375 0.2078125 0.17734375
2 0.9578125 0.45546875 0.084375 0.15625
2 0.51875 0.4890625 0.15234375 0.13203125
2 0.3796875 0.6109375 0.19140625 0.1171875
2 0.56953125 0.40703125 0.19921875 0.11015625
2 0.4375 0.72578125 0.13359375 0.1515625
2 0.94765625 0.603125 0.1046875 0.16015625
0 0.6484375 0.54609375 0.25546875 0.1921875
5 0.053125 0.65703125 0.10234375 0.18203125
2 0.059375 0.5046875 0.11796875 0.16328125