2 0.378125 0.8359375 0.1578125 0.1109375
2 0.0875 0.63671875 0.1375 0.07734375
2 0.95234375 0.5828125 0.0953125 0.09375
2 0.59375 0.771875 0.16796875 0.128125
2 0.409375 0.64296875 0.1359375 0.08671875
2 0.8046875 0.8375 0.17734375 0.13046875
2 0.06953125 0.546875 0.13359375 0.08984375
0 0.53125 0.57734375 0.18046875 0.12734375
2 0.34375 0.41953125 0.15859375 0.0859375
2 0.67109375 0.39453125 0.15390625 0.0625
2 0.925 0.44375 0.14453125 0.0796875
2 0.77890625 0.66328125 0.1484375 0.1
2 0.4625 0.36875 0.1421875 0.07421875
2 0.1671875 0.61953125 0.1171875 0.0875
2 0.3203125 0.6984375 0.14921875 0.0875
2 0.6890625 0.59375 0.1375 0.0859375
2 0.95 0.8484375 0.0984375 0.09921875
2 0.0796875 0.42421875 0.140625 0.1
2 0.8640625 0.3984375 0.15546875 0.05859375
2 0.3234375 0.5296875 0.1453125 0.10390625
2 0.48046875 0.3140625 0.125 0.06953125
2 0.78046875 0.74765625 0.14453125 0.08515625
2 0.9625 0.9109375 0.0734375 0.10234375
2 0.8484375 0.6296875 0.14140625 0.0890625
2 0.25703125 0.3109375 0.14375 0.0671875
2 0.2578125 0.59453125 0.121875 0.08203125
2 0.290625 0.65390625 0.121875 0.07890625
2 0.3375 0.33515625 0.146875 0.07421875
2 0.95859375 0.6640625 0.0796875 0.08671875
2 0.18359375 0.4984375 0.12265625 0.08125
2 0.83671875 0.57265625 0.1546875 0.0875
2 0.14296875 0.29375 0.1421875 0.0671875
2 0.4390625 0.52265625 0.11796875 0.08515625
2 0.6296875 0.5296875 0.115625 0.0828125
2 0.521875 0.96796875 0.2 0.0640625
2 0.13125 0.3921875 0.10390625 0.07265625
2 0.21953125 0.45703125 0.103125 0.07890625
2 0.06796875 0.27734375 0.1203125 0.06328125
2 0.9734375 0.7234375 0.0515625 0.0859375
2 0.625 0.7 0.13984375 0.06796875
2 0.02265625 0.7578125 0.0421875 0.13125
2 0.7984375 0.52265625 0.1484375 0.10703125
2 0.43984375 0.46953125 0.11171875 0.06328125