3 0.87890625 0.50390625 0.21328125 0.15
4 0.86875 0.70546875 0.2015625 0.14609375
4 0.121875 0.7046875 0.234375 0.16796875
4 0.62578125 0.70703125 0.22421875 0.15625
0 0.12421875 0.096875 0.2109375 0.1875
3 0.63515625 0.49921875 0.22578125 0.19140625
3 0.1171875 0.29921875 0.18671875 0.17109375
3 0.125 0.496875 0.225 0.1578125
4 0.37109375 0.7109375 0.22734375 0.15859375
3 0.628125 0.30078125 0.2125 0.1546875
3 0.87109375 0.29296875 0.2390625 0.16328125
0 0.375 0.11328125 0.24375 0.1171875
3 0.34140625 0.3140625 0.16953125 0.10625
2 0.5203125 0.653125 0.0484375 0.0640625
3 0.37265625 0.52109375 0.2453125 0.15078125
3 0.45859375 0.31171875 0.07734375 0.0703125
2 0.76328125 0.50390625 0.02578125 0.065625
2 0.659375 0.6265625 0.040625 0.01640625
3 0.3046875 0.51171875 0.115625 0.06328125