2 0.39921875 0.91484375 0.2390625 0.16328125
2 0.05859375 0.88359375 0.1171875 0.1390625
2 0.4703125 0.77265625 0.21328125 0.1265625
5 0.15390625 0.353125 0.1703125 0.159375
2 0.5234375 0.6984375 0.16796875 0.10859375
2 0.8921875 0.6078125 0.15859375 0.13828125
2 0.246875 0.61953125 0.15 0.08984375
2 0.08203125 0.8046875 0.1640625 0.125
2 0.0484375 0.5875 0.09609375 0.08359375
2 0.1921875 0.68125 0.17421875 0.10546875
2 0.09765625 0.7359375 0.18984375 0.11640625
5 0.86875 0.48203125 0.14140625 0.13359375
2 0.57109375 0.60234375 0.1421875 0.08984375
5 0.4171875 0.3 0.07890625 0.084375
2 0.3375 0.5453125 0.121875 0.0796875
2 0.8875 0.83203125 0.2140625 0.16328125
5 0.425 0.4375 0.1265625 0.10234375
2 0.38671875 0.4984375 0.12734375 0.08671875
2 0.609375 0.5453125 0.12421875 0.0875
5 0.0359375 0.41171875 0.071875 0.1828125
2 0.89765625 0.74140625 0.1890625 0.1203125