2 0.62265625 0.78203125 0.09765625 0.19453125
1 0.13359375 0.778125 0.18125 0.21640625
2 0.2703125 0.61640625 0.10078125 0.13828125
2 0.16171875 0.4390625 0.08828125 0.0796875
2 0.3140625 0.5171875 0.08046875 0.08984375
2 0.6296875 0.62109375 0.08125 0.1375
2 0.66328125 0.21640625 0.01875 0.025
2 0.940625 0.26953125 0.0578125 0.03359375
2 0.74375 0.29609375 0.03359375 0.040625
2 0.43125 0.48046875 0.06015625 0.09609375
2 0.36796875 0.44140625 0.059375 0.0890625
2 0.765625 0.2703125 0.02421875 0.03046875
2 0.42421875 0.3546875 0.040625 0.04765625
2 0.48125 0.6734375 0.0859375 0.153125
2 0.340625 0.7078125 0.1109375 0.15859375
2 0.40390625 0.57890625 0.10078125 0.109375
2 0.51640625 0.49921875 0.0609375 0.13671875
2 0.61875 0.50390625 0.06875 0.0875
2 0.61328125 0.4515625 0.07421875 0.08203125
2 0.53203125 0.415625 0.06875 0.0921875
2 0.46484375 0.4140625 0.0640625 0.08046875
2 0.40546875 0.3984375 0.05078125 0.0765625
2 0.4890625 0.378125 0.04140625 0.05703125
2 0.61875 0.35234375 0.0390625 0.0375