2 0.28515625 0.81328125 0.11640625 0.1703125
2 0.06015625 0.88203125 0.1203125 0.17265625
2 0.2078125 0.92421875 0.15078125 0.1484375
2 0.95078125 0.921875 0.0984375 0.15625
2 0.89296875 0.87265625 0.1296875 0.15859375
2 0.1328125 0.7734375 0.1109375 0.13515625
2 0.36328125 0.68203125 0.09296875 0.12578125
2 0.8875 0.790625 0.1359375 0.12890625
2 0.84375 0.72109375 0.1109375 0.14375
2 0.17109375 0.71171875 0.09609375 0.10625
2 0.0265625 0.70390625 0.05234375 0.10546875
2 0.25546875 0.62734375 0.08203125 0.09609375
5 0.9640625 0.69296875 0.0703125 0.19921875
2 0.02578125 0.95 0.0515625 0.1
5 0.15703125 0.546875 0.11015625 0.18203125
2 0.78359375 0.6703125 0.078125 0.09375
2 0.3828125 0.6078125 0.0828125 0.096875
2 0.91171875 0.62734375 0.07890625 0.10625
2 0.0859375 0.63984375 0.0828125 0.0875
5 0.89921875 0.409375 0.06328125 0.0671875
2 0.43671875 0.5015625 0.05546875 0.06875
2 0.11796875 0.33046875 0.03984375 0.03671875
2 0.02421875 0.3578125 0.0453125 0.0359375
2 0.45625 0.46640625 0.053125 0.05703125
5 0.74296875 0.284375 0.0421875 0.0515625
2 0.20234375 0.29765625 0.025 0.0234375
2 0.303125 0.46171875 0.04453125 0.05703125
2 0.41015625 0.5703125 0.06484375 0.08203125
2 0.2125 0.4453125 0.05 0.06328125
2 0.471875 0.41875 0.0453125 0.05703125
5 0.90859375 0.24609375 0.05234375 0.0640625
2 0.41796875 0.3078125 0.03046875 0.0328125
2 0.0375 0.5578125 0.07421875 0.09609375
2 0.76796875 0.6078125 0.06640625 0.090625
2 0.41171875 0.415625 0.04296875 0.04921875
5 0.38984375 0.33984375 0.04296875 0.06953125
2 0.059375 0.45859375 0.04375 0.03984375
5 0.33203125 0.42421875 0.05 0.0734375
2 0.2671875 0.5796875 0.0734375 0.0875
2 0.37265625 0.4671875 0.05078125 0.05546875
2 0.259375 0.490625 0.059375 0.0734375
2 0.50078125 0.34296875 0.03828125 0.03984375
2 0.64609375 0.30546875 0.02734375 0.0296875
2 0.7328125 0.51484375 0.0546875 0.05
2 0.8890625 0.5875 0.07421875 0.0921875
5 0.3125 0.259375 0.06484375 0.07265625
2 0.33671875 0.5359375 0.06640625 0.07890625
2 0.425 0.525 0.071875 0.1171875
5 0.9671875 0.740625 0.065625 0.090625
2 0.48828125 0.37265625 0.04453125 0.04140625
2 0.42109375 0.38984375 0.04453125 0.046875
2 0.66640625 0.34453125 0.046875 0.05234375
2 0.44140625 0.28203125 0.02265625 0.02890625
2 0.74453125 0.53125 0.06328125 0.0609375
2 0.73125 0.48359375 0.059375 0.06328125
2 0.259375 0.46328125 0.0515625 0.040625
2 0.51875 0.30390625 0.03515625 0.03359375
5 0.8125 0.45859375 0.059375 0.08203125
2 0.01953125 0.31796875 0.03828125 0.04140625
2 0.38203125 0.4390625 0.05703125 0.04609375
2 0.8515625 0.56328125 0.05234375 0.06640625
5 0.7640625 0.3296875 0.04375 0.06015625
2 0.71015625 0.4375 0.04375 0.04375
2 0.0765625 0.36484375 0.03828125 0.03828125
2 0.9625 0.5421875 0.06484375 0.0765625
2 0.2171875 0.871875 0.11328125 0.08203125
2 0.68828125 0.38125 0.0390625 0.0390625
2 0.67109375 0.3578125 0.03671875 0.03515625
2 0.65390625 0.30703125 0.03984375 0.04453125
2 0.46640625 0.4390625 0.05625 0.08359375
2 0.11171875 0.4375 0.0484375 0.0546875
2 0.92109375 0.440625 0.0453125 0.0484375
5 0.87109375 0.27578125 0.05078125 0.05390625
2 0.68046875 0.36640625 0.046875 0.05859375
2 0.74921875 0.5578125 0.07265625 0.090625
2 0.37734375 0.4484375 0.0671875 0.08828125
5 0.80234375 0.32421875 0.05859375 0.0609375
2 0.9859375 0.49140625 0.028125 0.05
2 0.43984375 0.27734375 0.01953125 0.01640625