0 0.49453125 0.47109375 0.1375 0.1640625
2 0.69765625 0.840625 0.240625 0.30390625
2 0.121875 0.61484375 0.21875 0.1765625
2 0.6421875 0.678125 0.175 0.146875
2 0.32734375 0.50078125 0.13359375 0.08984375
2 0.953125 0.3078125 0.05625 0.040625
0 0.49453125 0.47109375 0.1375 0.1640625
2 0.6859375 0.5484375 0.13359375 0.1
5 0.975 0.246875 0.04765625 0.0609375
2 0.4171875 0.4125 0.0828125 0.0640625
2 0.9078125 0.20859375 0.03046875 0.02578125
2 0.6890625 0.45625 0.10234375 0.08203125
5 0.6 0.24609375 0.05390625 0.0609375
5 0.46171875 0.3015625 0.0640625 0.05703125
2 0.49296875 0.3390625 0.05703125 0.05234375
2 0.57265625 0.2796875 0.04921875 0.03984375
2 0.51328125 0.2546875 0.03671875 0.0234375
2 0.025 0.8359375 0.0484375 0.21328125
2 0.96015625 0.2859375 0.05859375 0.08359375
2 0.45390625 0.359375 0.08203125 0.04921875
2 0.43515625 0.37890625 0.08046875 0.046875
2 0.7078125 0.38046875 0.07265625 0.05
2 0.4671875 0.325 0.08125 0.0921875
2 0.66171875 0.23515625 0.028125 0.01953125
2 0.70625 0.40625 0.07890625 0.05390625
2 0.55703125 0.3125 0.05390625 0.03671875