2 0.24921875 0.8171875 0.2 0.19375
2 0.7796875 0.67421875 0.140625 0.09296875
2 0.7609375 0.88671875 0.24453125 0.22265625
2 0.90390625 0.803125 0.1921875 0.2015625
2 0.50234375 0.75625 0.1296875 0.13515625
2 0.38984375 0.65234375 0.109375 0.09765625
2 0.490625 0.90390625 0.2140625 0.1875
2 0.659375 0.721875 0.15 0.1296875
5 0.5640625 0.56015625 0.0953125 0.08515625
2 0.69140625 0.59765625 0.096875 0.06796875
2 0.61328125 0.63359375 0.084375 0.06171875
2 0.23203125 0.53828125 0.0734375 0.0421875
2 0.93828125 0.50078125 0.05390625 0.02578125
2 0.6484375 0.55390625 0.0546875 0.03828125
2 0.27265625 0.5125 0.04296875 0.02421875
1 0.33515625 0.5453125 0.1046875 0.09140625
1 0.0796875 0.790625 0.159375 0.2484375
5 0.2390625 0.61484375 0.1734375 0.13359375
2 0.43828125 0.5859375 0.07109375 0.05625
2 0.4453125 0.540625 0.075 0.0359375