2 0.44296875 0.68984375 0.12265625 0.10234375
2 0.71953125 0.7609375 0.25 0.153125
2 0.884375 0.7625 0.22578125 0.13203125
2 0.7953125 0.62421875 0.15078125 0.07421875
2 0.4109375 0.6140625 0.08203125 0.0640625
2 0.559375 0.9140625 0.27421875 0.17109375
2 0.71328125 0.659375 0.1390625 0.075
2 0.5875 0.6359375 0.1125 0.06796875
2 0.37578125 0.54375 0.0609375 0.0453125
2 0.84921875 0.9234375 0.2984375 0.153125
2 0.87578125 0.61484375 0.128125 0.075
2 0.6359375 0.59140625 0.10703125 0.0609375
2 0.9453125 0.715625 0.10703125 0.10078125
5 0.4953125 0.5359375 0.109375 0.0828125
2 0.575 0.5421875 0.05625 0.03828125
2 0.72109375 0.56953125 0.10390625 0.04765625
2 0.6453125 0.53984375 0.05234375 0.02890625
2 0.36015625 0.49765625 0.0484375 0.03828125