2 0.453125 0.4703125 0.2484375 0.10859375
2 0.440625 0.24453125 0.090625 0.040625
2 0.3484375 0.69375 0.33203125 0.2203125
2 0.20078125 0.41484375 0.15859375 0.07421875
2 0.565625 0.43671875 0.21953125 0.0890625
2 0.9015625 0.5421875 0.19609375 0.1125
2 0.68515625 0.23359375 0.07890625 0.0265625
2 0.2640625 0.37734375 0.1578125 0.06875
2 0.590625 0.24375 0.0828125 0.03046875
2 0.89453125 0.47265625 0.19921875 0.0765625
2 0.3046875 0.25078125 0.0703125 0.0265625
1 0.7484375 0.6625 0.296875 0.20859375