2 0.284375 0.66328125 0.56875 0.3046875
2 0.7484375 0.58203125 0.503125 0.2234375
2 0.4515625 0.3828125 0.1359375 0.0625
2 0.55546875 0.38671875 0.1828125 0.06015625
2 0.08828125 0.3984375 0.07265625 0.0640625
2 0.02890625 0.3921875 0.0578125 0.05390625
2 0.29453125 0.44609375 0.21875 0.08046875
2 0.465625 0.446875 0.259375 0.0765625
2 0.159375 0.409375 0.1265625 0.0703125
2 0.8515625 0.42578125 0.296875 0.1015625
2 0.728125 0.35078125 0.14296875 0.04921875
2 0.70625 0.421875 0.29296875 0.103125