4 0.7421875 0.67890625 0.23828125 0.15625
4 0.12890625 0.69609375 0.14453125 0.16015625
2 0.88984375 0.621875 0.2203125 0.16875
2 0.53125 0.72578125 0.21484375 0.23671875
2 0.0546875 0.56875 0.08671875 0.1078125
2 0.4171875 0.57734375 0.10703125 0.13203125
2 0.18984375 0.5765625 0.08828125 0.08203125
2 0.5828125 0.56328125 0.0921875 0.09296875
2 0.88515625 0.51875 0.16484375 0.1125
2 0.32890625 0.59609375 0.07421875 0.10390625
2 0.29921875 0.52734375 0.065625 0.0359375
2 0.76171875 0.58046875 0.13046875 0.06640625
2 0.53671875 0.540625 0.09140625 0.09296875
2 0.4703125 0.69375 0.13046875 0.1953125
2 0.26171875 0.6015625 0.10859375 0.11484375
2 0.965625 0.5140625 0.065625 0.05
2 0.3640625 0.5234375 0.0609375 0.08828125
5 0.27578125 0.503125 0.05234375 0.05390625
2 0.6109375 0.4953125 0.0640625 0.0359375
2 0.2109375 0.50859375 0.05859375 0.05859375