2 0.784375 0.821875 0.37890625 0.23046875
2 0.55546875 0.6328125 0.203125 0.1109375
2 0.8765625 0.7 0.24609375 0.14375
2 0.1078125 0.578125 0.215625 0.06484375
2 0.665625 0.5890625 0.16015625 0.07734375
2 0.75859375 0.55625 0.1765625 0.0703125
2 0.359375 0.51796875 0.09453125 0.0546875
2 0.9171875 0.628125 0.1640625 0.12734375
2 0.04296875 0.4859375 0.0859375 0.03125
2 0.88984375 0.4953125 0.11328125 0.04296875
2 0.49140625 0.528125 0.090625 0.04453125
2 0.91953125 0.56328125 0.1515625 0.0328125
2 0.18359375 0.4828125 0.13828125 0.0296875
2 0.615625 0.5171875 0.115625 0.0609375
2 0.96796875 0.35234375 0.0625 0.03671875
2 0.30546875 0.4984375 0.05859375 0.0328125
4 0.38359375 0.4875 0.09609375 0.04296875