2 0.465625 0.8671875 0.209375 0.1
2 0.6421875 0.8296875 0.20546875 0.0953125
2 0.928125 0.953125 0.14140625 0.09375
2 0.36640625 0.7953125 0.15625 0.078125
2 0.84765625 0.78671875 0.18203125 0.08203125
2 0.62265625 0.76015625 0.15234375 0.05703125
5 0.9640625 0.81796875 0.07109375 0.1640625
2 0.45234375 0.73515625 0.15078125 0.06484375
2 0.259375 0.7234375 0.1265625 0.075
2 0.9515625 0.7328125 0.09609375 0.07734375
2 0.64453125 0.97109375 0.2984375 0.0578125
2 0.9109375 0.63984375 0.05703125 0.05703125
2 0.72421875 0.74765625 0.1359375 0.05859375
2 0.78046875 0.69609375 0.121875 0.06015625
2 0.2203125 0.66484375 0.08359375 0.04140625
2 0.8296875 0.72421875 0.12109375 0.0578125
2 0.39140625 0.69375 0.11015625 0.06640625
5 0.78046875 0.6171875 0.1296875 0.0765625
2 0.65390625 0.70703125 0.1296875 0.05546875
2 0.98046875 0.6234375 0.0375 0.03359375
2 0.68671875 0.72265625 0.1671875 0.0796875
2 0.1796875 0.6421875 0.07578125 0.0390625
2 0.56328125 0.6921875 0.0859375 0.0484375
2 0.234375 0.7078125 0.09140625 0.0578125
2 0.20546875 0.6546875 0.0984375 0.04453125
2 0.5125 0.67265625 0.08203125 0.04765625
2 0.09921875 0.59296875 0.0640625 0.0375
2 0.98125 0.6109375 0.0375 0.03671875
2 0.13125 0.6234375 0.084375 0.04609375
2 0.31875 0.64921875 0.07578125 0.05
2 0.02734375 0.56953125 0.053125 0.025
2 0.98046875 0.63984375 0.0390625 0.075
2 0.43828125 0.6109375 0.071875 0.034375
2 0.71640625 0.6859375 0.1015625 0.0546875
2 0.6828125 0.58515625 0.03515625 0.02578125
2 0.3890625 0.6484375 0.109375 0.0578125