2 0.53046875 0.68984375 0.21953125 0.1171875
2 0.79921875 0.8703125 0.4015625 0.259375
4 0.6703125 0.63125 0.234375 0.12109375
2 0.91640625 0.78125 0.16484375 0.15859375
5 0.70390625 0.51640625 0.203125 0.10546875
2 0.3546875 0.56328125 0.146875 0.0640625
2 0.8890625 0.58671875 0.21875 0.1140625
2 0.0359375 0.4703125 0.071875 0.05703125
2 0.53515625 0.54765625 0.1265625 0.059375
2 0.2953125 0.509375 0.10078125 0.05078125
2 0.93203125 0.5515625 0.134375 0.07109375
2 0.79296875 0.44765625 0.07890625 0.03828125
2 0.16484375 0.49140625 0.03125 0.0390625
2 0.40859375 0.4953125 0.10078125 0.05625
2 0.2546875 0.48046875 0.0765625 0.04296875
2 0.21015625 0.45390625 0.0640625 0.0453125
5 0.90859375 0.44765625 0.09765625 0.0921875