4 0.271875 0.47890625 0.4171875 0.11015625
2 0.23359375 0.3234375 0.33671875 0.09921875
2 0.58671875 0.3078125 0.38359375 0.109375
2 0.9140625 0.30390625 0.16796875 0.06484375
2 0.86171875 0.6234375 0.2765625 0.12890625
2 0.95078125 0.36015625 0.0953125 0.07890625
2 0.0828125 0.040625 0.16328125 0.04296875
2 0.10859375 0.21640625 0.215625 0.08125
2 0.39296875 0.26171875 0.16875 0.0609375
2 0.10625 0.265625 0.2125 0.075
2 0.38125 0.8140625 0.61953125 0.171875
4 0.359375 0.42578125 0.4359375 0.10859375
2 0.03125 0.5 0.0625 0.0875
2 0.3453125 0.7234375 0.6265625 0.15546875