2 0.8328125 0.77578125 0.334375 0.215625
2 0.890625 0.66484375 0.21875 0.134375
2 0.45234375 0.5640625 0.146875 0.0921875
2 0.8359375 0.540625 0.203125 0.08203125
2 0.60859375 0.5546875 0.128125 0.0609375
2 0.2703125 0.4703125 0.12421875 0.0359375
2 0.66875 0.503125 0.128125 0.0671875
2 0.984375 0.48203125 0.03046875 0.0421875
2 0.984375 0.559375 0.03046875 0.05625
2 0.04375 0.465625 0.0875 0.03046875
2 0.09609375 0.434375 0.1234375 0.0453125
5 0.58046875 0.46796875 0.1296875 0.06953125
2 0.3734375 0.5203125 0.078125 0.0515625
4 0.45859375 0.49609375 0.11015625 0.059375
2 0.93125 0.45078125 0.071875 0.03046875