2 0.575 0.69375 0.215625 0.1328125
2 0.8203125 0.8984375 0.359375 0.2015625
2 0.7234375 0.63984375 0.19921875 0.09296875
2 0.90234375 0.7671875 0.1953125 0.190625
2 0.4640625 0.603125 0.16015625 0.084375
2 0.90546875 0.63046875 0.184375 0.13359375
2 0.7578125 0.56796875 0.17265625 0.075
2 0.0484375 0.58828125 0.0921875 0.1
2 0.57890625 0.57109375 0.12578125 0.06171875
2 0.36015625 0.55625 0.10703125 0.046875
2 0.04296875 0.50078125 0.0859375 0.0296875
5 0.93125 0.51015625 0.13125 0.08046875
2 0.159375 0.49921875 0.13671875 0.0296875
2 0.44609375 0.52109375 0.07421875 0.034375
2 0.61953125 0.53359375 0.1203125 0.0640625
2 0.33203125 0.51640625 0.071875 0.04609375
2 0.81171875 0.49609375 0.1015625 0.0421875
2 0.290625 0.503125 0.04296875 0.03203125
2 0.9640625 0.36796875 0.06875 0.03125
2 0.2609375 0.4765625 0.0609375 0.03359375
2 0.84765625 0.49453125 0.04375 0.040625
5 0.53359375 0.50390625 0.11640625 0.06328125
5 0.67421875 0.46953125 0.0609375 0.0453125
5 0.60625 0.45859375 0.04921875 0.03359375
2 0.090625 0.47421875 0.13046875 0.04140625
2 0.01015625 0.53046875 0.01953125 0.0265625
2 0.22421875 0.44609375 0.0359375 0.025
2 0.26640625 0.45 0.04921875 0.02109375
2 0.853125 0.484375 0.0328125 0.02890625