2 0.715625 0.94921875 0.14375 0.10078125
2 0.56484375 0.9296875 0.1296875 0.140625
2 0.375 0.953125 0.128125 0.09375
2 0.16953125 0.840625 0.07578125 0.1203125
2 0.628125 0.83984375 0.12265625 0.13125
2 0.49609375 0.7859375 0.10703125 0.16328125
2 0.9 0.915625 0.15390625 0.1546875
2 0.3296875 0.778125 0.0859375 0.11015625
2 0.771875 0.7734375 0.1109375 0.11796875
2 0.178125 0.97578125 0.1125 0.0484375
2 0.5734375 0.49609375 0.05859375 0.065625
2 0.5328125 0.68515625 0.0890625 0.075
2 0.54375 0.4484375 0.05859375 0.0625
2 0.4125 0.7109375 0.10546875 0.1234375
2 0.75859375 0.69453125 0.1 0.10546875
2 0.653125 0.67265625 0.0796875 0.09453125
2 0.8640625 0.95625 0.140625 0.0875
2 0.5859375 0.75234375 0.08359375 0.0859375
2 0.50078125 0.40703125 0.053125 0.05234375
2 0.375 0.2546875 0.02734375 0.03359375
2 0.3453125 0.3984375 0.03671875 0.05390625
2 0.65703125 0.5796875 0.06796875 0.06953125
2 0.178125 0.72578125 0.0875 0.0921875
2 0.17578125 0.6421875 0.07890625 0.08125
2 0.18125 0.5875 0.078125 0.08515625
2 0.16875 0.5359375 0.06484375 0.06953125
2 0.3109375 0.68359375 0.06875 0.08984375
2 0.2796875 0.61796875 0.05625 0.059375
2 0.40390625 0.59609375 0.06953125 0.06171875
2 0.446875 0.65078125 0.04921875 0.0890625
2 0.49375 0.61015625 0.04453125 0.08984375
2 0.459375 0.55 0.0484375 0.09296875
2 0.37265625 0.528125 0.0859375 0.090625
2 0.42109375 0.5 0.05703125 0.10234375
2 0.1484375 0.503125 0.0484375 0.05390625
2 0.48828125 0.36328125 0.04765625 0.05390625
2 0.41328125 0.31484375 0.04140625 0.034375
1 0.2953125 0.5578125 0.084375 0.11328125